Задача на уменьшение ширины ленты симметричной разреженной матрицы.

При решении данной задачи использовался алгоритм Катхилла-Макки, заключающийся
в перенумеровании вершин ненаправленного графа с весами, соответствующего
симметричной разреженной матрице.

Пользователь задаёт размерность матрицы, степень разреженности в процентах и диапазон 
генерации случайных чисел, которыми заполняется матрица.

Пример вывода:

       0       0       0       0       0    3.18       0       0       0       0         6.33       -12.19
       0       0   -2.56   -7.33       0   -4.47       0   -9.07    9.69   -0.82         5.37        50.16
       0   -2.56    4.68       0       0    7.03    3.94       0       0   -9.17         5.47      -116.02
       0   -7.33       0       0       0   -8.10       0   -7.74       0       0        -9.11        18.93
       0       0       0       0       0       0       0    8.77       0       0        -4.65       -30.93
    3.18   -4.47    7.03   -8.10       0       0       0       0    6.94       0    *   -3.83    =   75.78
       0       0    3.94       0       0       0       0    4.16       0       0        -7.93         6.89
       0   -9.07       0   -7.74    8.77       0    4.16    8.25   -3.62       0        -3.53       -64.16
       0    9.69       0       0       0    6.94       0   -3.62   -7.40       0        -4.69        72.99
       0   -0.82   -9.17       0       0       0       0       0       0       0         7.60       -54.54

       0       0    4.16       0       0       0    3.94       0       0       0        -7.93         6.89
       0       0    8.77       0       0       0       0       0       0       0        -4.65       -30.93
    4.16    8.77    8.25       0   -9.07   -7.74       0   -3.62       0       0        -3.53       -64.16
       0       0       0       0   -0.82       0   -9.17       0       0       0         7.60       -54.54
       0       0   -9.07   -0.82       0   -7.33   -2.56    9.69   -4.47       0         5.37        50.16
       0       0   -7.74       0   -7.33       0       0       0   -8.10       0    *   -9.11    =   18.93
    3.94       0       0   -9.17   -2.56       0    4.68       0    7.03       0         5.47      -116.02
       0       0   -3.62       0    9.69       0       0   -7.40    6.94       0        -4.69        72.99
       0       0       0       0   -4.47   -8.10    7.03    6.94       0    3.18        -3.83        75.78
       0       0       0       0       0       0       0       0    3.18       0         6.33       -12.19

graph nodes switches:
old     new
6   ->   0
4   ->   1
7   ->   2
9   ->   3
1   ->   4
3   ->   5
2   ->   6
8   ->   7
5   ->   8
0   ->   9

В отдельные файлы выведены:
- графы до и после перестановок (output_graphs.txt)
- СЛАУ до и после перестановок (output_systems.txt) 
- Кратчайшие перестановки вершин графа, чтобы воспроизвести полученный с помощью алгоритма
  Катхилла-Макки результат. (nodes_permutations.txt).

Перестановка вершин графа соответствует одновременной перестановке одинаковых по номеру 
строк и столбцов, следовательно, как переставляются вершины графа, так перестанавливаются и 
переменные. В приведённом выше выводе переменные уже переставлены, и, как можно увидеть, решения
оказались хоть и не на своих местах, но одинаковыми.
